{
    "data": [
        {
            "uid": "zT8PQ36SxaZhmrFl",
            "label": "cabinet",
            "modelId": "custom.abandon",
            "children": [],
            "objectId": 42,
            "segments": {
                "obb": {
                    "centroid": [
                        274.3705213171113,
                        176.34743702168566,
                        -192.22421611163062
                    ],
                    "axesLengths": [
                        87.44674000978854,
                        243.982344966787,
                        71.89122565883537
                    ],
                    "normalizedAxes": [
                        -0.6880191644261409,
                        0,
                        0.7256925171051132,
                        0,
                        1,
                        0,
                        -0.7256925171051132,
                        0,
                        -0.6880191644261409
                    ]
                },
                "partId": 42,
                "fixScale": true,
                "segments": [
                    121869
                ],
                "fixRotate": true,
                "obbAligned": {
                    "centroid": [
                        -1.568632122358982,
                        4.151700198751557,
                        -0.29152569654034544
                    ],
                    "axesLengths": [
                        0.7189122565883537,
                        0.8744674000978855,
                        2.43982344966787
                    ],
                    "normalizedAxes": [
                        -0.6880191644261409,
                        -0.7256925171051132,
                        0,
                        0.7256925171051132,
                        -0.6880191644261409,
                        0,
                        0,
                        0,
                        1
                    ]
                },
                "fixPosition": true,
                "dominantNormal": [
                    -0.7256925171051132,
                    0,
                    -0.6880191644261409
                ]
            },
            "hierarchy": 1,
            "isInGroup": false,
            "labelType": "category",
            "attributes": {
                "tags": [
                    "double_surface",
                    "regular_shape",
                    "current_scanning"
                ],
                "attributes": {
                    "occlusion": "0~20%",
                    "incompleteness": "0~20%"
                }
            }
        },
        {
            "uid": "O1FBeQTj49JCgBdw",
            "label": "cabinet",
            "modelId": "custom.abandon",
            "children": [],
            "objectId": 42,
            "segments": {
                "obb": {
                    "centroid": [
                        160.48266324094897,
                        98.95351144124757,
                        -65.98689612709035
                    ],
                    "axesLengths": [
                        252.49730358721172,
                        89.19449380591078,
                        63.478967618518276
                    ],
                    "normalizedAxes": [
                        -0.6880191644261413,
                        0,
                        0.725692517105113,
                        0,
                        1,
                        0,
                        -0.725692517105113,
                        0,
                        -0.6880191644261413
                    ]
                },
                "partId": 42,
                "fixScale": true,
                "segments": [
                    496048
                ],
                "fixRotate": true,
                "obbAligned": {
                    "centroid": [
                        -0.3062589225135792,
                        3.012821617989934,
                        -1.0654649523447264
                    ],
                    "axesLengths": [
                        0.6347896761851828,
                        2.5249730358721174,
                        0.8919449380591078
                    ],
                    "normalizedAxes": [
                        -0.6880191644261413,
                        -0.725692517105113,
                        0,
                        0.725692517105113,
                        -0.6880191644261413,
                        0,
                        0,
                        0,
                        1
                    ]
                },
                "fixPosition": true,
                "dominantNormal": [
                    -0.725692517105113,
                    0,
                    -0.6880191644261413
                ]
            },
            "hierarchy": 1,
            "isInGroup": false,
            "labelType": "category",
            "attributes": {
                "tags": [
                    "double_surface",
                    "regular_shape",
                    "current_scanning"
                ],
                "attributes": {
                    "occlusion": "20%~50%",
                    "incompleteness": "0~20%"
                }
            }
        },
        {
            "uid": "LVEV7ls1GkGHjtuv",
            "label": "cabinet",
            "modelId": "custom.abandon",
            "children": [],
            "objectId": 42,
            "segments": {
                "obb": {
                    "centroid": [
                        194.7215574499843,
                        246.98228480775535,
                        -79.88932441470507
                    ],
                    "axesLengths": [
                        185.24147554932938,
                        102.83205573594176,
                        32.91542316349534
                    ],
                    "normalizedAxes": [
                        -0.6880191644261409,
                        0,
                        0.7256925171051132,
                        0,
                        1,
                        0,
                        -0.7256925171051132,
                        0,
                        -0.6880191644261409
                    ]
                },
                "partId": 42,
                "fixScale": true,
                "segments": [
                    83222
                ],
                "fixRotate": true,
                "obbAligned": {
                    "centroid": [
                        -0.44528320538972654,
                        3.3552105600802875,
                        0.41482278132035155
                    ],
                    "axesLengths": [
                        0.3291542316349534,
                        1.852414755493294,
                        1.0283205573594176
                    ],
                    "normalizedAxes": [
                        -0.6880191644261409,
                        -0.7256925171051132,
                        0,
                        0.7256925171051132,
                        -0.6880191644261409,
                        0,
                        0,
                        0,
                        1
                    ]
                },
                "fixPosition": true,
                "dominantNormal": [
                    -0.7256925171051132,
                    0,
                    -0.6880191644261409
                ]
            },
            "hierarchy": 1,
            "isInGroup": false,
            "labelType": "category",
            "attributes": {
                "tags": [
                    "regular_shape",
                    "current_scanning"
                ],
                "attributes": {
                    "occlusion": "0~20%",
                    "incompleteness": "20%~50%"
                }
            }
        },
        {
            "uid": "RdTT6AD4YWWep8UP",
            "label": "shelf",
            "modelId": "custom.abandon",
            "children": [],
            "objectId": 42,
            "segments": {
                "obb": {
                    "centroid": [
                        97.68300595866995,
                        221.0008239450953,
                        6.965800697087616
                    ],
                    "axesLengths": [
                        74.40196057017879,
                        154.89916262893723,
                        54.23974332834029
                    ],
                    "normalizedAxes": [
                        -0.6880191644261409,
                        0,
                        0.7256925171051131,
                        0,
                        1,
                        0,
                        -0.7256925171051131,
                        0,
                        -0.6880191644261409
                    ]
                },
                "partId": 42,
                "fixScale": true,
                "segments": [
                    547846
                ],
                "fixRotate": true,
                "obbAligned": {
                    "centroid": [
                        0.42326804572820037,
                        2.384825045167144,
                        0.1550081726937509
                    ],
                    "axesLengths": [
                        0.542397433283403,
                        0.7440196057017879,
                        1.5489916262893724
                    ],
                    "normalizedAxes": [
                        -0.6880191644261409,
                        -0.7256925171051131,
                        0,
                        0.7256925171051131,
                        -0.6880191644261409,
                        0,
                        0,
                        0,
                        1
                    ]
                },
                "fixPosition": true,
                "dominantNormal": [
                    -0.7256925171051131,
                    0,
                    -0.6880191644261409
                ]
            },
            "hierarchy": 1,
            "isInGroup": false,
            "labelType": "category",
            "attributes": {
                "tags": [
                    "regular_shape",
                    "current_scanning"
                ],
                "attributes": {
                    "occlusion": "50%~100%",
                    "incompleteness": "0~20%"
                }
            }
        },
        {
            "uid": "Iv16Lei9XJZDdxAB",
            "label": "cabinet",
            "modelId": "custom.abandon",
            "children": [],
            "objectId": 42,
            "segments": {
                "obb": {
                    "centroid": [
                        167.1629253832055,
                        247.59757207844876,
                        -326.44607658540843
                    ],
                    "axesLengths": [
                        85.38946984417308,
                        98.80487348607733,
                        33.92217691389289
                    ],
                    "normalizedAxes": [
                        0.7359637728670262,
                        0,
                        0.6770209191947707,
                        0,
                        1,
                        0,
                        -0.6770209191947707,
                        0,
                        0.7359637728670262
                    ]
                },
                "partId": 42,
                "fixScale": true,
                "segments": [
                    337759
                ],
                "fixRotate": true,
                "obbAligned": {
                    "centroid": [
                        -2.91085072709676,
                        3.0796242394124995,
                        0.42097565402728554
                    ],
                    "axesLengths": [
                        0.33922176913892893,
                        0.8538946984417308,
                        0.9880487348607733
                    ],
                    "normalizedAxes": [
                        0.7359637728670262,
                        -0.6770209191947707,
                        0,
                        0.6770209191947707,
                        0.7359637728670262,
                        0,
                        0,
                        0,
                        1
                    ]
                },
                "fixPosition": true,
                "dominantNormal": [
                    -0.6770209191947707,
                    0,
                    0.7359637728670262
                ]
            },
            "hierarchy": 1,
            "isInGroup": false,
            "labelType": "category",
            "attributes": {
                "tags": [
                    "double_surface",
                    "regular_shape",
                    "current_scanning"
                ],
                "attributes": {
                    "occlusion": "0~20%",
                    "incompleteness": "20%~50%"
                }
            }
        },
        {
            "uid": "8SHPAPT28fFF3FMj",
            "label": "cabinet",
            "modelId": "custom.abandon",
            "children": [],
            "objectId": 42,
            "segments": {
                "obb": {
                    "centroid": [
                        180.95224134323234,
                        99.84123215071392,
                        -295.1691302740072
                    ],
                    "axesLengths": [
                        21.71972320702476,
                        89.52619368913008,
                        61.75716992904389
                    ],
                    "normalizedAxes": [
                        0.7359637728670263,
                        0,
                        0.6770209191947707,
                        0,
                        1,
                        0,
                        -0.6770209191947707,
                        0,
                        0.7359637728670263
                    ]
                },
                "partId": 42,
                "fixScale": true,
                "segments": [
                    283045
                ],
                "fixRotate": true,
                "obbAligned": {
                    "centroid": [
                        -2.598081263982748,
                        3.2175173990127677,
                        -1.056587745250063
                    ],
                    "axesLengths": [
                        0.6175716992904389,
                        0.2171972320702476,
                        0.8952619368913008
                    ],
                    "normalizedAxes": [
                        0.7359637728670263,
                        -0.6770209191947707,
                        0,
                        0.6770209191947707,
                        0.7359637728670263,
                        0,
                        0,
                        0,
                        1
                    ]
                },
                "fixPosition": true,
                "dominantNormal": [
                    0.7359637728670263,
                    0,
                    0.6770209191947707
                ]
            },
            "hierarchy": 1,
            "isInGroup": false,
            "labelType": "category",
            "attributes": {
                "tags": [
                    "double_surface",
                    "regular_shape",
                    "current_scanning"
                ],
                "attributes": {
                    "occlusion": "0~20%",
                    "incompleteness": "20%~50%"
                }
            }
        },
        {
            "uid": "sXOewf5IfgYL5rSv",
            "label": "dishwasher",
            "modelId": "custom.abandon",
            "children": [],
            "objectId": 42,
            "segments": {
                "obb": {
                    "centroid": [
                        150.22747606706838,
                        99.84123215071392,
                        -322.54660130925583
                    ],
                    "axesLengths": [
                        60.5292406883713,
                        89.52619368913008,
                        63.06213383834957
                    ],
                    "normalizedAxes": [
                        0.7359637728670263,
                        0,
                        0.6770209191947707,
                        0,
                        1,
                        0,
                        -0.6770209191947707,
                        0,
                        0.7359637728670263
                    ]
                },
                "partId": 42,
                "fixScale": true,
                "segments": [
                    316210
                ],
                "fixRotate": true,
                "obbAligned": {
                    "centroid": [
                        -2.8718559743352343,
                        2.910269746251128,
                        -1.056587745250063
                    ],
                    "axesLengths": [
                        0.6306213383834957,
                        0.605292406883713,
                        0.8952619368913008
                    ],
                    "normalizedAxes": [
                        0.7359637728670263,
                        -0.6770209191947707,
                        0,
                        0.6770209191947707,
                        0.7359637728670263,
                        0,
                        0,
                        0,
                        1
                    ]
                },
                "fixPosition": true,
                "dominantNormal": [
                    0.7359637728670263,
                    0,
                    0.6770209191947707
                ]
            },
            "hierarchy": 1,
            "isInGroup": false,
            "labelType": "category",
            "attributes": {
                "tags": [
                    "double_surface",
                    "regular_shape",
                    "current_scanning"
                ],
                "attributes": {
                    "occlusion": "0~20%",
                    "incompleteness": "0~20%"
                }
            }
        },
        {
            "uid": "NXCvVkPwgshnKwEJ",
            "label": "cabinet",
            "modelId": "custom.abandon",
            "children": [],
            "objectId": 42,
            "segments": {
                "obb": {
                    "centroid": [
                        26.54574952783948,
                        99.98203179734155,
                        -317.8812863145111
                    ],
                    "axesLengths": [
                        44.21915823493168,
                        89.84015431791016,
                        63.65778860462991
                    ],
                    "normalizedAxes": [
                        0.6785741022692127,
                        -0.0001242887887299235,
                        -0.7345319409541216,
                        0.0002486588566080161,
                        0.9999999672538085,
                        6.0507478648788135e-05,
                        0.7345319093805966,
                        -0.00022370668058439359,
                        0.6785741109540033
                    ]
                },
                "partId": 42,
                "fixScale": true,
                "segments": [
                    391706
                ],
                "fixRotate": true,
                "obbAligned": {
                    "centroid": [
                        -2.825202824387787,
                        1.6734524808588391,
                        -1.0551797487837866
                    ],
                    "axesLengths": [
                        0.6365778860462991,
                        0.4421915823493168,
                        0.8984015431791016
                    ],
                    "normalizedAxes": [
                        0.6785741109540033,
                        0.7345319093805966,
                        -0.00022370668058439359,
                        -0.7345319409541216,
                        0.6785741022692127,
                        -0.0001242887887299235,
                        6.0507478648788135e-05,
                        0.0002486588566080161,
                        0.9999999672538085
                    ]
                },
                "fixPosition": true,
                "dominantNormal": [
                    0.6785741022692127,
                    -0.0001242887887299235,
                    -0.7345319409541216
                ]
            },
            "hierarchy": 1,
            "isInGroup": false,
            "labelType": "category",
            "attributes": {
                "tags": [
                    "double_surface",
                    "regular_shape",
                    "current_scanning"
                ],
                "attributes": {
                    "occlusion": "0~20%",
                    "incompleteness": "0~20%"
                }
            }
        },
        {
            "uid": "sVnYYuNu7sUUYZUs",
            "label": "cabinet",
            "modelId": "custom.abandon",
            "children": [],
            "objectId": 42,
            "segments": {
                "obb": {
                    "centroid": [
                        78.83091494884569,
                        99.76044709765554,
                        -355.56520787999864
                    ],
                    "axesLengths": [
                        42.34646209037189,
                        89.36462358301334,
                        79.94064446821561
                    ],
                    "normalizedAxes": [
                        0.9847469207073136,
                        0,
                        -0.17399282214351208,
                        0,
                        1,
                        0,
                        0.17399282214351208,
                        0,
                        0.9847469207073136
                    ]
                },
                "partId": 42,
                "fixScale": true,
                "segments": [
                    361222,
                    375118
                ],
                "fixRotate": true,
                "obbAligned": {
                    "centroid": [
                        -3.202042040042662,
                        2.1963041350689014,
                        -1.0573955957806467
                    ],
                    "axesLengths": [
                        0.7994064446821562,
                        0.4234646209037189,
                        0.8936462358301335
                    ],
                    "normalizedAxes": [
                        0.9847469207073136,
                        0.17399282214351208,
                        0,
                        -0.17399282214351208,
                        0.9847469207073136,
                        0,
                        0,
                        0,
                        1
                    ]
                },
                "fixPosition": true,
                "dominantNormal": [
                    0.9847469207073136,
                    0,
                    -0.17399282214351208
                ]
            },
            "hierarchy": 1,
            "isInGroup": false,
            "labelType": "category",
            "attributes": {
                "tags": [
                    "regular_shape",
                    "current_scanning"
                ],
                "attributes": {
                    "occlusion": "0~20%",
                    "incompleteness": "0~20%"
                }
            }
        },
        {
            "uid": "oaUayegDnC40YTTZ",
            "label": "oven",
            "modelId": "custom.abandon",
            "children": [],
            "objectId": 42,
            "segments": {
                "obb": {
                    "centroid": [
                        -10.927430378375762,
                        94.17178604148324,
                        -273.1707292096644
                    ],
                    "axesLengths": [
                        72.33772009907233,
                        78.20643775674127,
                        69.28874848742221
                    ],
                    "normalizedAxes": [
                        0.6785741022692126,
                        -0.00012428878872992348,
                        -0.7345319409541217,
                        0.0002486588566080162,
                        0.9999999672538085,
                        6.050747864878811e-05,
                        0.7345319093805968,
                        -0.0002237066805843937,
                        0.6785741109540031
                    ]
                },
                "partId": 42,
                "fixScale": true,
                "segments": [
                    482284
                ],
                "fixRotate": true,
                "obbAligned": {
                    "centroid": [
                        -2.3780972533393196,
                        1.2987206817966868,
                        -1.1132822063423697
                    ],
                    "axesLengths": [
                        0.6928874848742221,
                        0.7233772009907233,
                        0.7820643775674126
                    ],
                    "normalizedAxes": [
                        0.6785741109540031,
                        0.7345319093805968,
                        -0.0002237066805843937,
                        -0.7345319409541217,
                        0.6785741022692126,
                        -0.00012428878872992348,
                        6.050747864878811e-05,
                        0.0002486588566080162,
                        0.9999999672538085
                    ]
                },
                "fixPosition": true,
                "dominantNormal": [
                    0.7345319093805968,
                    -0.0002237066805843937,
                    0.6785741109540031
                ]
            },
            "hierarchy": 1,
            "isInGroup": false,
            "labelType": "category",
            "attributes": {
                "tags": [
                    "double_surface",
                    "regular_shape",
                    "current_scanning"
                ],
                "attributes": {
                    "occlusion": "0~20%",
                    "incompleteness": "50%~100%"
                }
            }
        },
        {
            "uid": "P9vPJ5wte7EePv9T",
            "label": "stove",
            "modelId": "custom.abandon",
            "children": [],
            "objectId": 42,
            "segments": {
                "obb": {
                    "centroid": [
                        -11.436416052141409,
                        141.2454849519977,
                        -273.6533703081294
                    ],
                    "axesLengths": [
                        72.40820386799972,
                        15.964974978744923,
                        67.86493913937174
                    ],
                    "normalizedAxes": [
                        0.6785741022692126,
                        -0.0001242887887299235,
                        -0.7345319409541217,
                        0.0002486588566080161,
                        0.9999999672538085,
                        6.050747864878804e-05,
                        0.7345319093805968,
                        -0.00022370668058439359,
                        0.6785741109540031
                    ]
                },
                "partId": 42,
                "fixScale": true,
                "segments": [
                    467263
                ],
                "fixRotate": true,
                "obbAligned": {
                    "centroid": [
                        -2.38292366432397,
                        1.2936308250590303,
                        -0.6425452172372252
                    ],
                    "axesLengths": [
                        0.6786493913937174,
                        0.7240820386799972,
                        0.15964974978744922
                    ],
                    "normalizedAxes": [
                        0.6785741109540031,
                        0.7345319093805968,
                        -0.00022370668058439359,
                        -0.7345319409541217,
                        0.6785741022692126,
                        -0.0001242887887299235,
                        6.050747864878804e-05,
                        0.0002486588566080161,
                        0.9999999672538085
                    ]
                },
                "fixPosition": true,
                "dominantNormal": [
                    0.0002486588566080161,
                    0.9999999672538085,
                    6.050747864878804e-05
                ]
            },
            "hierarchy": 1,
            "isInGroup": false,
            "labelType": "category",
            "attributes": {
                "tags": [
                    "with_pots",
                    "double_surface",
                    "regular_shape",
                    "current_scanning"
                ],
                "attributes": {
                    "occlusion": "20%~50%",
                    "incompleteness": "0~20%"
                }
            }
        },
        {
            "uid": "hajond0ixmKhRDMU",
            "label": "cabinet",
            "modelId": "custom.abandon",
            "children": [],
            "objectId": 42,
            "segments": {
                "obb": {
                    "centroid": [
                        -54.96060743161103,
                        99.78949557113026,
                        -231.0660985381556
                    ],
                    "axesLengths": [
                        49.284954075543325,
                        89.42505325928319,
                        61.74091246503741
                    ],
                    "normalizedAxes": [
                        0.6785741022692127,
                        -0.0001242887887299235,
                        -0.7345319409541216,
                        0.0002486588566080161,
                        0.9999999672538085,
                        6.0507478648788135e-05,
                        0.7345319093805966,
                        -0.00022370668058439359,
                        0.6785741109540033
                    ]
                },
                "partId": 42,
                "fixScale": true,
                "segments": [
                    444330
                ],
                "fixRotate": true,
                "obbAligned": {
                    "centroid": [
                        -1.9570509466242316,
                        0.858388911264334,
                        -1.0571051110458995
                    ],
                    "axesLengths": [
                        0.6174091246503741,
                        0.49284954075543325,
                        0.8942505325928319
                    ],
                    "normalizedAxes": [
                        0.6785741109540033,
                        0.7345319093805966,
                        -0.00022370668058439359,
                        -0.7345319409541216,
                        0.6785741022692127,
                        -0.0001242887887299235,
                        6.0507478648788135e-05,
                        0.0002486588566080161,
                        0.9999999672538085
                    ]
                },
                "fixPosition": true,
                "dominantNormal": [
                    0.6785741022692127,
                    -0.0001242887887299235,
                    -0.7345319409541216
                ]
            },
            "hierarchy": 1,
            "isInGroup": false,
            "labelType": "category",
            "attributes": {
                "tags": [
                    "double_surface",
                    "regular_shape",
                    "current_scanning"
                ],
                "attributes": {
                    "occlusion": "20%~50%",
                    "incompleteness": "0~20%"
                }
            }
        },
        {
            "uid": "OUBbn0HRFHmAYH0O",
            "label": "refrigerator",
            "modelId": "custom.abandon",
            "children": [],
            "objectId": 42,
            "segments": {
                "obb": {
                    "centroid": [
                        -93.32265302641737,
                        144.61902875148584,
                        -171.58275944746057
                    ],
                    "axesLengths": [
                        90.2119151484793,
                        179.07223693295185,
                        86.09226981600806
                    ],
                    "normalizedAxes": [
                        0.6785741022692127,
                        -0.0001242887887299235,
                        -0.7345319409541216,
                        0.0002486588566080161,
                        0.9999999672538085,
                        6.0507478648788135e-05,
                        0.7345319093805966,
                        -0.00022370668058439359,
                        0.6785741109540033
                    ]
                },
                "partId": 42,
                "fixScale": true,
                "segments": [
                    27610
                ],
                "fixRotate": true,
                "obbAligned": {
                    "centroid": [
                        -1.3622175557172815,
                        0.47476845531627065,
                        -0.6088097792423437
                    ],
                    "axesLengths": [
                        0.8609226981600806,
                        0.902119151484793,
                        1.7907223693295187
                    ],
                    "normalizedAxes": [
                        0.6785741109540033,
                        0.7345319093805966,
                        -0.00022370668058439359,
                        -0.7345319409541216,
                        0.6785741022692127,
                        -0.0001242887887299235,
                        6.0507478648788135e-05,
                        0.0002486588566080161,
                        0.9999999672538085
                    ]
                },
                "fixPosition": true,
                "dominantNormal": [
                    0.7345319093805966,
                    -0.00022370668058439359,
                    0.6785741109540033
                ]
            },
            "hierarchy": 1,
            "isInGroup": false,
            "labelType": "category",
            "attributes": {
                "tags": [
                    "double_surface",
                    "regular_shape",
                    "current_scanning"
                ],
                "attributes": {
                    "occlusion": "0~20%",
                    "incompleteness": "20%~50%"
                }
            }
        },
        {
            "uid": "bqETIuoJGC64duUa",
            "label": "cabinet",
            "modelId": "custom.abandon",
            "children": [],
            "objectId": 42,
            "segments": {
                "obb": {
                    "centroid": [
                        -156.25106737784634,
                        174.93426820772277,
                        -119.20060602522261
                    ],
                    "axesLengths": [
                        72.21278779002697,
                        239.62774641920734,
                        64.72319605383399
                    ],
                    "normalizedAxes": [
                        0.6785741022692126,
                        -0.00012428878872992345,
                        -0.7345319409541217,
                        0.00024865885660801614,
                        0.9999999672538085,
                        6.0507478648788094e-05,
                        0.7345319093805968,
                        -0.00022370668058439364,
                        0.6785741109540031
                    ]
                },
                "partId": 42,
                "fixScale": true,
                "segments": [
                    1129527
                ],
                "fixRotate": true,
                "obbAligned": {
                    "centroid": [
                        -0.838396021494902,
                        -0.1545156881980192,
                        -0.3056573846799744
                    ],
                    "axesLengths": [
                        0.6472319605383399,
                        0.7221278779002697,
                        2.3962774641920737
                    ],
                    "normalizedAxes": [
                        0.6785741109540031,
                        0.7345319093805968,
                        -0.00022370668058439364,
                        -0.7345319409541217,
                        0.6785741022692126,
                        -0.00012428878872992345,
                        6.0507478648788094e-05,
                        0.00024865885660801614,
                        0.9999999672538085
                    ]
                },
                "fixPosition": true,
                "dominantNormal": [
                    0.7345319093805968,
                    -0.00022370668058439364,
                    0.6785741109540031
                ]
            },
            "hierarchy": 1,
            "isInGroup": false,
            "labelType": "category",
            "attributes": {
                "tags": [
                    "double_surface",
                    "regular_shape",
                    "current_scanning"
                ],
                "attributes": {
                    "occlusion": "0~20%",
                    "incompleteness": "20%~50%"
                }
            }
        },
        {
            "uid": "d8dEoR8ohSm2Jwcd",
            "label": "cabinet",
            "modelId": "custom.abandon",
            "children": [],
            "objectId": 42,
            "segments": {
                "obb": {
                    "centroid": [
                        -100.77777519938725,
                        264.4493770084314,
                        -179.43080733086626
                    ],
                    "axesLengths": [
                        91.53275710121501,
                        60.419300191522204,
                        64.43564163795713
                    ],
                    "normalizedAxes": [
                        0.6785741022692127,
                        -0.0001242887887299235,
                        -0.7345319409541217,
                        0.00024865885660801614,
                        0.9999999672538085,
                        6.0507478648788094e-05,
                        0.7345319093805968,
                        -0.00022370668058439364,
                        0.6785741109540032
                    ]
                },
                "partId": 42,
                "fixScale": true,
                "segments": [
                    167625
                ],
                "fixRotate": true,
                "obbAligned": {
                    "centroid": [
                        -1.4406980345513385,
                        0.4002172335865719,
                        0.5894937033271117
                    ],
                    "axesLengths": [
                        0.6443564163795713,
                        0.9153275710121501,
                        0.6041930019152221
                    ],
                    "normalizedAxes": [
                        0.6785741109540032,
