{"data": [{"uid": "yyxsGDuqbpnGhSk1", "label": "cabinet", "modelId": "custom.abandon", "children": [], "objectId": 39, "segments": {"obb": {"centroid": [234.01499090773297, 185.53613235420423, 199.7466607232987], "axesLengths": [86.34949744139178, 242.79260498009424, 62.247149718535574], "normalizedAxes": [-0.9590146180235652, 0.00017240145323024753, -0.28335654694193013, 0.00010310144341869297, 0.999999961019837, 0.00025948105284901975, 0.28335658063155633, 0.00021963165379050556, -0.9590145984158578]}, "partId": 39, "fixScale": true, "segments": [739283], "fixRotate": true, "obbAligned": {"centroid": [1.691396756311356, 2.562799721775694, -0.3161186168723864], "axesLengths": [0.6224714971853558, 0.8634949744139178, 2.4279260498009423], "normalizedAxes": [-0.9590145984158578, 0.28335658063155633, 0.00021963165379050556, -0.28335654694193013, -0.9590146180235652, 0.00017240145323024753, 0.00025948105284901975, 0.00010310144341869297, 0.999999961019837]}, "fixPosition": true, "dominantNormal": [0.28335658063155633, 0.00021963165379050556, -0.9590145984158578]}, "hierarchy": 1, "isInGroup": false, "labelType": "category", "attributes": {"tags": ["regular_shape", "current_scanning"], "attributes": {"occlusion": "0~20%", "incompleteness": "0~20%"}}}, {"uid": "ph8yL5D91UstStHw", "label": "cabinet", "modelId": "custom.abandon", "children": [], "objectId": 39, "segments": {"obb": {"centroid": [71.8334870071983, 110.19717473177788, 151.4342053001115], "axesLengths": [252.26283676818161, 92.05618098079768, 62.96836337724661], "normalizedAxes": [-0.9590146180235652, 0.00017240145323024734, -0.28335654694193, 0.00010310144341869288, 0.999999961019837, 0.0002594810528490195, 0.2833565806315562, 0.00021963165379050537, -0.9590145984158578]}, "partId": 39, "fixScale": true, "segments": [606465], "fixRotate": true, "obbAligned": {"centroid": [1.2082722020794843, 0.9409846827703473, -1.06950819309665], "axesLengths": [0.6296836337724662, 2.522628367681816, 0.9205618098079767], "normalizedAxes": [-0.9590145984158578, 0.2833565806315562, 0.00021963165379050537, -0.28335654694193, -0.9590146180235652, 0.00017240145323024734, 0.0002594810528490195, 0.00010310144341869288, 0.999999961019837]}, "fixPosition": true, "dominantNormal": [0.2833565806315562, 0.00021963165379050537, -0.9590145984158578]}, "hierarchy": 1, "isInGroup": false, "labelType": "category", "attributes": {"tags": ["double_surface", "regular_shape", "current_scanning"], "attributes": {"occlusion": "20%~50%", "incompleteness": "0~20%"}}}, {"uid": "ziSrvivsZEzKjYrp", "label": "shelf", "modelId": "custom.abandon", "children": [], "objectId": 39, "segments": {"obb": {"centroid": [-18.29567560614508, 231.62796296501085, 134.39191444547953], "axesLengths": [73.9390121424153, 150.79295737340516, 44.631932240405426], "normalizedAxes": [-0.9590146180235657, 0.0001724014532302476, -0.28335654694193046, 0.00010310144341869299, 0.999999961019837, 0.00025948105284901986, 0.28335658063155666, 0.00021963165379050565, -0.9590145984158582]}, "partId": 39, "fixScale": true, "segments": [668259], "fixRotate": true, "obbAligned": {"centroid": [1.0378492935331645, 0.03969305663691347, 0.14479968923567998], "axesLengths": [0.44631932240405425, 0.739390121424153, 1.5079295737340517], "normalizedAxes": [-0.9590145984158582, 0.28335658063155666, 0.00021963165379050565, -0.28335654694193046, -0.9590146180235657, 0.0001724014532302476, 0.00025948105284901986, 0.00010310144341869299, 0.999999961019837]}, "fixPosition": true, "dominantNormal": [0.28335658063155666, 0.00021963165379050565, -0.9590145984158582]}, "hierarchy": 1, "isInGroup": false, "labelType": "category", "attributes": {"tags": ["double_surface", "regular_shape", "current_scanning"], "attributes": {"occlusion": "50%~100%", "incompleteness": "20%~50%"}}}, {"uid": "J9t3FD2aNn6FWsbj", "label": "cabinet", "modelId": "custom.abandon", "children": [], "objectId": 39, "segments": {"obb": {"centroid": [283.5641421193271, 110.38061484444239, 73.5211101508309], "axesLengths": [27.59906719586615, 92.42628672022164, 62.0607683266741], "normalizedAxes": [-0.2646369121437042, -0.0002229456209710043, 0.9643480984718616, 0.00010310144341869244, 0.999999961019837, 0.0002594810528490202, -0.96434811873158, 0.00016809394549628236, -0.26463687884209897]}, "partId": 39, "fixScale": true, "segments": [43429], "fixRotate": true, "obbAligned": {"centroid": [0.4291412505866782, 3.058291233891635, -1.0676737919700048], "axesLengths": [0.620607683266741, 0.2759906719586615, 0.9242628672022164], "normalizedAxes": [-0.26463687884209897, -0.96434811873158, 0.00016809394549628236, 0.9643480984718616, -0.2646369121437042, -0.0002229456209710043, 0.0002594810528490202, 0.00010310144341869244, 0.999999961019837]}, "fixPosition": true, "dominantNormal": [-0.2646369121437042, -0.0002229456209710043, 0.9643480984718616]}, "hierarchy": 1, "isInGroup": false, "labelType": "category", "attributes": {"tags": ["double_surface", "regular_shape", "current_scanning"], "attributes": {"occlusion": "0~20%", "incompleteness": "0~20%"}}}, {"uid": "pobFQDDkb9nqeVdt", "label": "dishwasher", "modelId": "custom.abandon", "children": [], "objectId": 39, "segments": {"obb": {"centroid": [295.0291294981619, 110.1421406429886, 30.850908720760543], "axesLengths": [60.752012737313024, 91.92955823181592, 62.53242798644896], "normalizedAxes": [-0.26463691214370444, -0.00022294562097100433, 0.9643480984718621, 0.00010310144341869251, 0.999999961019837, 0.00025948105284902024, -0.9643481187315804, 0.00016809394549628236, -0.2646368788420992]}, "partId": 39, "fixScale": true, "segments": [179495], "fixRotate": true, "obbAligned": {"centroid": [0.0024392362859745886, 3.1729411076799834, -1.0700585339845428], "axesLengths": [0.6253242798644896, 0.6075201273731302, 0.9192955823181592], "normalizedAxes": [-0.2646368788420992, -0.9643481187315804, 0.00016809394549628236, 0.9643480984718621, -0.26463691214370444, -0.00022294562097100433, 0.00025948105284902024, 0.00010310144341869251, 0.999999961019837]}, "fixPosition": true, "dominantNormal": [-0.26463691214370444, -0.00022294562097100433, 0.9643480984718621]}, "hierarchy": 1, "isInGroup": false, "labelType": "category", "attributes": {"tags": ["current_scanning"], "attributes": {"occlusion": "0~20%", "incompleteness": "50%~100%"}}}, {"uid": "DQQJWY1F4PdB6CmC", "label": "cabinet", "modelId": "custom.abandon", "children": [], "objectId": 39, "segments": {"obb": {"centroid": [298.4370328526221, 110.0767557340409, -45.21731411536649], "axesLengths": [38.504876274529366, 91.76001461342798, 83.8378053978227], "normalizedAxes": [0.5262404696833024, -0.000274902179138088, 0.8503357528037319, 0.0001031014434186925, 0.999999961019837, 0.00025948105284902083, -0.8503357909894125, -4.8878587620601295e-05, 0.5262404775131746]}, "partId": 39, "fixScale": true, "segments": [67194], "fixRotate": true, "obbAligned": {"centroid": [-0.7582429920752958, 3.2070201412245853, -1.0707123830740197], "axesLengths": [0.8383780539782271, 0.38504876274529365, 0.9176001461342799], "normalizedAxes": [0.5262404775131746, -0.8503357909894125, -4.8878587620601295e-05, 0.8503357528037319, 0.5262404696833024, -0.000274902179138088, 0.00025948105284902083, 0.0001031014434186925, 0.999999961019837]}, "fixPosition": true, "dominantNormal": [0.5262404696833024, -0.000274902179138088, 0.8503357528037319]}, "hierarchy": 1, "isInGroup": false, "labelType": "category", "attributes": {"tags": ["double_surface", "regular_shape", "current_scanning"], "attributes": {"occlusion": "0~20%", "incompleteness": "0~20%"}}}, {"uid": "I0morkvNF2hTncAW", "label": "cabinet", "modelId": "custom.abandon", "children": [], "objectId": 39, "segments": {"obb": {"centroid": [240.27201369405898, 110.09333996733177, -75.3462740263343], "axesLengths": [43.56456629056079, 91.76555349537541, 62.05628357265609], "normalizedAxes": [0.9613006987869007, -0.00017059885003273032, 0.275501247561329, 0.00010310144341869234, 0.999999961019837, 0.00025948105284902045, -0.27550128108941463, -0.00022103474113850056, 0.9613006789042305]}, "partId": 39, "fixScale": true, "segments": [89834], "fixRotate": true, "obbAligned": {"centroid": [-1.0595325911849738, 2.625369949638954, -1.070546540741111], "axesLengths": [0.6205628357265609, 0.4356456629056079, 0.9176555349537542], "normalizedAxes": [0.9613006789042305, -0.27550128108941463, -0.00022103474113850056, 0.275501247561329, 0.9613006987869007, -0.00017059885003273032, 0.00025948105284902045, 0.00010310144341869234, 0.999999961019837]}, "fixPosition": true, "dominantNormal": [0.9613006987869007, -0.00017059885003273032, 0.275501247561329]}, "hierarchy": 1, "isInGroup": false, "labelType": "category", "attributes": {"tags": ["double_surface", "regular_shape", "current_scanning"], "attributes": {"occlusion": "0~20%", "incompleteness": "50%~100%"}}}, {"uid": "lsHXhtmBZbytLPva", "label": "oven", "modelId": "custom.abandon", "children": [], "objectId": 39, "segments": {"obb": {"centroid": [181.71545216039746, 103.06512549989621, -90.41939663518039], "axesLengths": [77.30528113505774, 77.68922819694616, 65.34459997503595], "normalizedAxes": [0.9613006987869007, -0.00017059885003273032, 0.275501247561329, 0.00010310144341869234, 0.999999961019837, 0.00025948105284902045, -0.27550128108941463, -0.00022103474113850056, 0.9613006789042305]}, "partId": 39, "fixScale": true, "segments": [106018, 305578], "fixRotate": true, "obbAligned": {"centroid": [-1.2102638172734348, 2.039804334302339, -1.1408286854154666], "axesLengths": [0.6534459997503594, 0.7730528113505775, 0.7768922819694616], "normalizedAxes": [0.9613006789042305, -0.27550128108941463, -0.00022103474113850056, 0.275501247561329, 0.9613006987869007, -0.00017059885003273032, 0.00025948105284902045, 0.00010310144341869234, 0.999999961019837]}, "fixPosition": true, "dominantNormal": [-0.27550128108941463, -0.00022103474113850056, 0.9613006789042305]}, "hierarchy": 1, "isInGroup": false, "labelType": "category", "attributes": {"tags": ["current_scanning"], "attributes": {"occlusion": "0~20%", "incompleteness": "50%~100%"}}}, {"uid": "nBHdS9leASALhelI", "label": "cabinet", "modelId": "custom.abandon", "children": [], "objectId": 39, "segments": {"obb": {"centroid": [124.38606519875503, 110.10206029648005, -108.69981351896212], "axesLengths": [42.89288459332924, 91.74178891278086, 61.784173942856455], "normalizedAxes": [0.9613006987869007, -0.0001705988500327304, 0.2755012475613291, 0.00010310144341869238, 0.999999961019837, 0.00025948105284902056, -0.27550128108941474, -0.00022103474113850064, 0.9613006789042305]}, "partId": 39, "fixScale": true, "segments": [212501], "fixRotate": true, "obbAligned": {"centroid": [-1.393067986111252, 1.4665104646859146, -1.0704593374496283], "axesLengths": [0.6178417394285646, 0.42892884593329245, 0.9174178891278086], "normalizedAxes": [0.9613006789042305, -0.27550128108941474, -0.00022103474113850064, 0.2755012475613291, 0.9613006987869007, -0.0001705988500327304, 0.00025948105284902056, 0.00010310144341869238, 0.999999961019837]}, "fixPosition": true, "dominantNormal": [0.9613006987869007, -0.0001705988500327304, 0.2755012475613291]}, "hierarchy": 1, "isInGroup": false, "labelType": "category", "attributes": {"tags": ["double_surface", "regular_shape", "current_scanning"], "attributes": {"occlusion": "20%~50%", "incompleteness": "0~20%"}}}, {"uid": "ebHK9Fg3qNom5K3z", "label": "stove", "modelId": "custom.abandon", "children": [], "objectId": 39, "segments": {"obb": {"centroid": [181.9018805235616, 150.2582818295807, -91.04067374045395], "axesLengths": [77.30528113505773, 16.68817338278816, 64.02654660890973], "normalizedAxes": [0.9613006987869007, -0.00017059885003273032, 0.275501247561329, 0.00010310144341869234, 0.999999961019837, 0.00025948105284902056, -0.27550128108941463, -0.00022103474113850067, 0.9613006789042305]}, "partId": 39, "fixScale": true, "segments": [187773], "fixRotate": true, "obbAligned": {"centroid": [-1.2164765883261706, 2.04166861793398, -0.6688971221186215], "axesLengths": [0.6402654660890973, 0.7730528113505772, 0.1668817338278816], "normalizedAxes": [0.9613006789042305, -0.27550128108941463, -0.00022103474113850067, 0.275501247561329, 0.9613006987869007, -0.00017059885003273032, 0.00025948105284902056, 0.00010310144341869234, 0.999999961019837]}, "fixPosition": true, "dominantNormal": [0.00010310144341869234, 0.999999961019837, 0.00025948105284902056]}, "hierarchy": 1, "isInGroup": false, "labelType": "category", "attributes": {"tags": ["with_pots", "double_surface", "regular_shape", "current_scanning"], "attributes": {"occlusion": "0~20%", "incompleteness": "20%~50%"}}}, {"uid": "cgPRokYJNWGzJOVM", "label": "refrigerator", "modelId": "custom.abandon", "children": [], "objectId": 39, "segments": {"obb": {"centroid": [51.659388483787424, 153.3583731750952, -117.61320648582705], "axesLengths": [97.68320829662022, 178.23478913386333, 84.70073543494081], "normalizedAxes": [0.9613006987869007, -0.00017059885003273032, 0.275501247561329, 0.00010310144341869234, 0.999999961019837, 0.00025948105284902045, -0.27550128108941463, -0.00022103474113850056, 0.9613006789042305]}, "partId": 39, "fixScale": true, "segments": [251466], "fixRotate": true, "obbAligned": {"centroid": [-1.4822019157799013, 0.7392436975362385, -0.6378962086634765], "axesLengths": [0.8470073543494081, 0.9768320829662023, 1.7823478913386333], "normalizedAxes": [0.9613006789042305, -0.27550128108941463, -0.00022103474113850056, 0.275501247561329, 0.9613006987869007, -0.00017059885003273032, 0.00025948105284902045, 0.00010310144341869234, 0.999999961019837]}, "fixPosition": true, "dominantNormal": [-0.27550128108941463, -0.00022103474113850056, 0.9613006789042305]}, "hierarchy": 1, "isInGroup": false, "labelType": "category", "attributes": {"tags": ["double_surface", "regular_shape", "current_scanning"], "attributes": {"occlusion": "0~20%", "incompleteness": "20%~50%"}}}, {"uid": "oy3c95GtVNuLXILw", "label": "cabinet", "modelId": "custom.abandon", "children": [], "objectId": 39, "segments": {"obb": {"centroid": [-27.93780958008454, 185.11958634614925, -153.17175112686985], "axesLengths": [66.75258763842358, 241.72234629062945, 60.18004863876523], "normalizedAxes": [0.9613006987869007, -0.00017059885003273032, 0.275501247561329, 0.00010310144341869234, 0.999999961019837, 0.00025948105284902045, -0.27550128108941463, -0.00022103474113850056, 0.9613006789042305]}, "partId": 39, "fixScale": true, "segments": [327890, 1251967, 1252415], "fixRotate": true, "obbAligned": {"centroid": [-1.8377873621903293, -0.056728283102481125, -0.32028407695293626], "axesLengths": [0.6018004863876523, 0.6675258763842358, 2.4172234629062945], "normalizedAxes": [0.9613006789042305, -0.27550128108941463, -0.00022103474113850056, 0.275501247561329, 0.9613006987869007, -0.00017059885003273032, 0.00025948105284902045, 0.00010310144341869234, 0.999999961019837]}, "fixPosition": true, "dominantNormal": [-0.27550128108941463, -0.00022103474113850056, 0.9613006789042305]}, "hierarchy": 1, "isInGroup": false, "labelType": "category", "attributes": {"tags": ["double_surface", "regular_shape", "current_scanning"], "attributes": {"occlusion": "0~20%", "incompleteness": "0~20%"}}}, {"uid": "RUIlC3b5RPjMcEQz", "label": "cabinet", "modelId": "custom.abandon", "children": [], "objectId": 39, "segments": {"obb": {"centroid": [54.87015921139694, 275.5623700581174, -129.29436428068772], "axesLengths": [105.45283541962324, 60.807319216467725, 60.41936004265073], "normalizedAxes": [0.9613006987869007, -0.00017059885003273032, 0.275501247561329, 0.00010310144341869234, 0.999999961019837, 0.00025948105284902045, -0.27550128108941463, -0.00022103474113850056, 0.9613006789042305]}, "partId": 39, "fixScale": true, "segments": [244100], "fixRotate": true, "obbAligned": {"centroid": [-1.599013493728508, 0.7713514048123337, 0.5841437601667452], "axesLengths": [0.6041936004265073, 1.0545283541962325, 0.6080731921646773], "normalizedAxes": [0.9613006789042305, -0.27550128108941463, -0.00022103474113850056, 0.275501247561329, 0.9613006987869007, -0.00017059885003273032, 0.00025948105284902045, 0.00010310144341869234, 0.999999961019837]}, "fixPosition": true, "dominantNormal": [-0.27550128108941463, -0.00022103474113850056, 0.9613006789042305]}, "hierarchy": 1, "isInGroup": false, "labelType": "category", "attributes": {"tags": ["double_surface", "regular_shape", "current_scanning"], "attributes": {"occlusion": "0~20%", "incompleteness": "0~20%"}}}, {"uid": "is9MmNTIvWAJq7q8", "label": "cabinet", "modelId": "custom.abandon", "children": [], "objectId": 39, "segments": {"obb": {"centroid": [127.08030712919435, 257.1066135770289, -123.20260285335192], "axesLengths": [36.71257486969001, 97.70077940553043, 32.351571042985775], "normalizedAxes": [0.9613006987869007, -0.00017059885003273032, 0.275501247561329, 0.00010310144341869234, 0.999999961019837, 0.00025948105284902045, -0.27550128108941463, -0.00022103474113850056, 0.9613006789042305]}, "partId": 39, "fixScale": true, "segments": [203675], "fixRotate": true, "obbAligned": {"centroid": [-1.53809587945515, 1.4934528839903078, 0.39958619535586015], "axesLengths": [0.3235157104298578, 0.3671257486969001, 0.9770077940553042], "normalizedAxes": [0.9613006789042305, -0.27550128108941463, -0.00022103474113850056, 0.275501247561329, 0.9613006987869007, -0.00017059885003273032, 0.00025948105284902045, 0.00010310144341869234, 0.999999961019837]}, "fixPosition": true, "dominantNormal": [-0.27550128108941463, -0.00022103474113850056, 0.9613006789042305]}, "hierarchy": 1, "isInGroup": false, "labelType": "category", "attributes": {"tags": ["double_surface", "regular_shape", "current_scanning"], "attributes": {"occlusion": "0~20%", "incompleteness": "0~20%"}}}, {"uid": "qGEOz8bz8O2T2STu", "label": "cabinet", "modelId": "custom.abandon", "children": [], "objectId": 39, "segments": {"obb": {"centroid": [234.32800900521607, 257.37701628948486, -93.71035151600329], "axesLengths": [26.599440266226328, 97.12255385510986, 29.95953545073432], "normalizedAxes": [0.9613006987869007, -0.00017059885003273032, 0.275501247561329, 0.00010310144341869234, 0.999999961019837, 0.00025948105284902045, -0.27550128108941463, -0.00022103474113850056, 0.9613006789042305]}, "partId": 39, "fixScale": true, "segments": [111884], "fixRotate": true, "obbAligned": {"centroid": [-1.2431733660816637, 2.565929902750525, 0.4022902224804201], "axesLengths": [0.2995953545073432, 0.26599440266226326, 0.9712255385510986], "normalizedAxes": [0.9613006789042305, -0.27550128108941463, -0.00022103474113850056, 0.275501247561329, 0.9613006987869007, -0.00017059885003273032, 0.00025948105284902045, 0.00010310144341869234, 0.999999961019837]}, "fixPosition": true, "dominantNormal": [0.9613006987869007, -0.00017059885003273032, 0.275501247561329]}, "hierarchy": 1, "isInGroup": false, "labelType": "category", "attributes": {"tags": ["double_surface", "regular_shape", "current_scanning"], "attributes": {"occlusion": "0~20%", "incompleteness": "20%~50%"}}}, {"uid": "2McJn9ZuQ2iTj3Vr", "label": "cabinet", "modelId": "custom.abandon", "children": [], "objectId": 39, "segments": {"obb": {"centroid": [183.303676027848, 280.3646531474522, -108.32824198878785], "axesLengths": [79.540656121678, 51.1653894272783, 29.95953545073432], "normalizedAxes": [0.9613006987869007, -0.00017059885003273032, 0.275501247561329, 0.00010310144341869234, 0.999999961019837, 0.00025948105284902045, -0.27550128108941463, -0.00022103474113850056, 0.9613006789042305]}, "partId": 39, "fixScale": true, "segments": [147855], "fixRotate": true, "obbAligned": {"centroid": [-1.3893522708095094, 2.0556865729768443, 0.6321665910600935], "axesLengths": [0.2995953545073432, 0.79540656121678, 0.511653894272783], "normalizedAxes": [0.9613006789042305, -0.27550128108941463, -0.00022103474113850056, 0.275501247561329, 0.9613006987869007, -0.00017059885003273032, 0.00025948105284902045, 0.00010310144341869234, 0.999999961019837]}, "fixPosition": true, "dominantNormal": [-0.27550128108941463, -0.00022103474113850056, 0.9613006789042305]}, "hierarchy": 1, "isInGroup": false, "labelType": "category", "attributes": {"tags": ["regular_shape", "current_scanning"], "attributes": {"occlusion": "0~20%", "incompleteness": "0~20%"}}}, {"uid": "th3neVLEcCUwMLfu", "label": "cabinet", "modelId": "custom.abandon", "children": [], "objectId": 39, "segments": {"obb": {"centroid": [306.6358148490084, 255.0663030522383, 43.16491164935952], "axesLengths": [92.34524656489478, 101.65803699636275, 34.392354884734345], "normalizedAxes": [-0.2647802598456259, -0.00022292063129436182, 0.9643087494690048, 0.00010310144341869236, 0.999999961019837, 0.0002594810528490206, -0.9643087697237727, 0.0001681270845699087, -0.2647802265410093]}, "partId": 39, "fixScale": true, "segments": [53661], "fixRotate": true, "obbAligned": {"centroid": [0.1255792655719643, 3.289007961188448, 0.37918309010795426], "axesLengths": [0.34392354884734344, 0.9234524656489478, 1.0165803699636276], "normalizedAxes": [-0.2647802265410093, -0.9643087697237727, 0.0001681270845699087, 0.9643087494690048, -0.2647802598456259, -0.00022292063129436182, 0.0002594810528490206, 0.00010310144341869236, 0.999999961019837]}, "fixPosition": true, "dominantNormal": [-0.9643087697237727, 0.0001681270845699087, -0.2647802265410093]}, "hierarchy": 1, "isInGroup": false, "labelType": "category", "attributes": {"tags": ["double_surface", "regular_shape", "current_scanning"], "attributes": {"occlusion": "0~20%", "incompleteness": "20%~50%"}}}, {"uid": "Bpb32JufDhg1oe6O", "label": "cabinet", "modelId": "custom.abandon", "children": [], "objectId": 39, "segments": {"obb": {"centroid": [102.01517030593564, 256.8147823194177, 175.94564736895128], "axesLengths": [180.35600043769082, 100.35352678090302, 33.12346272249097], "normalizedAxes": [-0.9590146180235652, 0.00017240145323024736, -0.28335654694193, 0.0001031014434186929, 0.999999961019837, 0.00025948105284901953, 0.2833565806315562, 0.00021963165379050543, -0.9590145984158578]}, "partId": 39, "fixScale": true, "segments": [676385], "fixRotate": true, "obbAligned": {"centroid": [1.453386622767882, 1.2428015157577206, 0.3966678827797483], "axesLengths": [0.3312346272249097, 1.8035600043769082, 1.0035352678090304], "normalizedAxes": [-0.9590145984158578, 0.2833565806315562, 0.00021963165379050543, -0.28335654694193, -0.9590146180235652, 0.00017240145323024736, 0.00025948105284901953, 0.0001031014434186929, 0.999999961019837]}, "fixPosition": true, "dominantNormal": [0.2833565806315562, 0.00021963165379050543, -0.9590145984158578]}, "hierarchy": 1, "isInGroup": false, "labelType": "category", "attributes": {"tags": ["double_surface", "regular_shape", "current_scanning"], "attributes": {"occlusion": "0~20%", "incompleteness": "20%~50%"}}}, {"uid": "dt3FxcvJa5M2cTbQ", "label": "sink", "modelId": "custom.abandon", "children": [], "objectId": 39, "segments": {"obb": {"centroid": [298.48470652508223, 147.63048585425685, -41.761923396101366], "axesLengths": [56.43428626707115, 16.95343614101747, 47.04216828926378], "normalizedAxes": [0.5262404696833027, -0.000274902179138088, 0.8503357528037315, 0.00010310144341869253, 0.999999961019837, 0.0002594810528490209, -0.8503357909894121, -4.887858762060146e-05, 0.526240477513175]}, "partId": 39, "fixScale": true, "segments": [84397], "fixRotate": true, "obbAligned": {"centroid": [-0.7236890848826445, 3.2074968779491866, -0.6951750818718603], "axesLengths": [0.4704216828926378, 0.5643428626707115, 0.1695343614101747], "normalizedAxes": [0.526240477513175, -0.8503357909894121, -4.887858762060146e-05, 0.8503357528037315, 0.5262404696833027, -0.000274902179138088, 0.0002594810528490209, 0.00010310144341869253, 0.999999961019837]}, "fixPosition": true, "dominantNormal": [0.00010310144341869253, 0.999999961019837, 0.0002594810528490209]}, "hierarchy": 1, "isInGroup": false, "labelType": "category", "attributes": {"tags": ["with_stuff", "current_scanning"], "attributes": {"occlusion": "50%~100%", "incompleteness": "50%~100%"}}}, {"uid": "64CXHCZmlSierJTI", "label": "table", "modelId": "custom.abandon", "children": [], "objectId": 39, "segments": {"obb": {"centroid": [-133.18224792815178, 118.18377977628039, 125.4602422128287], "axesLengths": [150.875014228072, 107.97363610819653, 68.31016519171676], "normalizedAxes": [-0.9588659242459232, -8.570785026804144e-05, -0.28385935245148375, -0.00011145766416855945, 0.9999999910088524, 7.456194938465323e-05, 0.283859343508718, 0.0001031332128869355, -0.9588659251774148]}, "partId": 39, "fixScale": true, "segments": [566605], "fixRotate": true, "obbAligned": {"centroid": [0.9485325712066561, -1.1091726665831536, -0.9896421426516249], "axesLengths": [0.6831016519171677, 1.50875014228072, 1.0797363610819652], "normalizedAxes": [-0.9588659251774148, 0.283859343508718, 0.0001031332128869355, -0.28385935245148375, -0.9588659242459232, -8.570785026804144e-05, 7.456194938465323e-05, -0.00011145766416855945, 0.9999999910088524]}, "fixPosition": true, "dominantNormal": [0.283859343508718, 0.0001031332128869355, -0.9588659251774148]}, "hierarchy": 1, "isInGroup": false, "labelType": "category", "attributes": {"tags": ["double_surface", "regular_shape", "current_scanning"], "attributes": {"occlusion": "20%~50%", "orientation": "opposite", "incompleteness": "20%~50%"}}}, {"uid": "WFrHmDFN55XWti1N", "label": "table", "modelId": "custom.abandon", "children": [], "objectId": 39, "segments": {"obb": {"centroid": [-166.53390936842962, 102.11717500998556, -48.51539971957039], "axesLengths": [104.80784972512444, 73.6191674467697, 106.7532166722165], "normalizedAxes": [0.27533960299264004, 0, -0.9613470252847591, 0, 1, 0, 0.9613470252847591, 0, 0.27533960299264004]}, "partId": 39, "fixScale": true, "segments": [406842], "fixRotate": true, "obbAligned": {"centroid": [-0.7912238481173348, -1.442689280985932, -1.150308190314573], "axesLengths": [1.0675321667221649, 1.0480784972512445, 0.736191674467697], "normalizedAxes": [0.27533960299264004, 0.9613470252847591, 0, -0.9613470252847591, 0.27533960299264004, 0, 0, 0, 1]}, "fixPosition": true, "dominantNormal": [0, 1, 0]}, "hierarchy": 1, "isInGroup": false, "labelType": "category", "attributes": {"tags": ["double_surface", "regular_shape", "current_scanning"], "attributes": {"occlusion": "50%~100%", "orientation": "0", "incompleteness": "0~20%"}}}, {"uid": "jIPyEzDm9L2Vjh6Z", "label": "chair", "modelId": "custom.abandon", "children": [], "objectId": 39, "segments": {"obb": {"centroid": [-111.5217622581211, 103.4450862989037, -30.153843269951388], "axesLengths": [43.87135136392645, 76.27499002460597, 46.357904295160004], "normalizedAxes": [-0.2481929219357919, 0, 0.9687106242325279, 0, 1, 0, -0.9687106242325279, 0, -0.2481929219357919]}, "partId": 39, "fixScale": true, "segments": [396296], "fixRotate": true, "obbAligned": {"centroid": [-0.6076082836211447, -0.8925678098828467, -1.1370290774253917], "axesLengths": [0.4635790429516001, 0.43871351363926453, 0.7627499002460597], "normalizedAxes": [-0.2481929219357919, -0.9687106242325279, 0, 0.9687106242325279, -0.2481929219357919, 0, 0, 0, 1]}, "fixPosition": true, "dominantNormal": [-0.2481929219357919, 0, 0.9687106242325279]}, "hierarchy": 1, "isInGroup": false, "labelType": "category", "attributes": {"tags": ["double_surface", "current_scanning"], "attributes": {"occlusion": "0~20%", "incompleteness": "20%~50%"}}}, {"uid": "Q9CsudDK78B82hWA", "label": "chair", "modelId": "custom.abandon", "children": [], "objectId": 39, "segments": {"obb": {"centroid": [-136.92355865333033, 103.4450862989037, -85.47094507589672], "axesLengths": [43.87135136392645, 76.27499002460597, 46.357904295160004], "normalizedAxes": [0.9632310545912476, 0, 0.26867440419778177, 0, 1, 0, -0.26867440419778177, 0, 0.9632310545912476]}, "partId": 39, "fixScale": true, "segments": [315927], "fixRotate": true, "obbAligned": {"centroid": [-1.160779301680598, -1.146585773834939, -1.1370290774253917], "axesLengths": [0.4635790429516001, 0.43871351363926453, 0.7627499002460597], "normalizedAxes": [0.9632310545912476, -0.26867440419778177, 0, 0.26867440419778177, 0.9632310545912476, 0, 0, 0, 1]}, "fixPosition": true, "dominantNormal": [0.9632310545912476, 0, 0.26867440419778177]}, "hierarchy": 1, "isInGroup": false, "labelType": "category", "attributes": {"tags": ["double_surface", "current_scanning"], "attributes": {"occlusion": "0~20%", "incompleteness": "20%~50%"}}}, {"uid": "ACykrRbTi9DUilk0", "label": "chair", "modelId": "custom.abandon", "children": [], "objectId": 39, "segments": {"obb": {"centroid": [-168.84359317986656, 103.4450862989037, 9.419199373915843], "axesLengths": [44.142313909149, 76.27499002460597, 46.357904295160004], "normalizedAxes": [-0.9644790811505606, 0, -0.2641592361114222, 0, 1, 0, 0.2641592361114222, 0, -0.9644790811505606]}, "partId": 39, "fixScale": true, "segments": [448612], "fixRotate": true, "obbAligned": {"centroid": [-0.21187785718247243, -1.4657861191003014, -1.1370290774253917], "axesLengths": [0.4635790429516001, 0.44142313909149006, 0.7627499002460597], "normalizedAxes": [-0.9644790811505606, 0.2641592361114222, 0, -0.2641592361114222, -0.9644790811505606, 0, 0, 0, 1]}, "fixPosition": true, "dominantNormal": [-0.9644790811505606, 0, -0.2641592361114222]}, "hierarchy": 1, "isInGroup": false, "labelType": "category", "attributes": {"tags": ["current_scanning"], "attributes": {"occlusion": "0~20%", "incompleteness": "20%~50%"}}}, {"uid": "NjhXfw2IhrpZuZgv", "label": "chair", "modelId": "custom.abandon", "children": [], "objectId": 39, "segments": {"obb": {"centroid": [-226.59098896721247, 103.4450862989037, -19.2958272404238], "axesLengths": [44.142313909149, 76.27499002460597, 46.357904295160004], "normalizedAxes": [-0.2791155828244827, 0, -0.9602575130789395, 0, 1, 0, 0.9602575130789395, 0, -0.2791155828244827]}, "partId": 39, "fixScale": true, "segments": [436479], "fixRotate": true, "obbAligned": {"centroid": [-0.4990281233258689, -2.0432600769737603, -1.1370290774253917], "axesLengths": [0.4635790429516001, 0.44142313909149006, 0.7627499002460597], "normalizedAxes": [-0.2791155828244827, 0.9602575130789395, 0, -0.9602575130789395, -0.2791155828244827, 0, 0, 0, 1]}, "fixPosition": true, "dominantNormal": [-0.2791155828244827, 0, -0.9602575130789395]}, "hierarchy": 1, "isInGroup": false, "labelType": "category", "attributes": {"tags": ["current_scanning"], "attributes": {"occlusion": "50%~100%", "incompleteness": "50%~100%"}}}, {"uid": "5tbKs3WWATsiABoD", "label": "stool", "modelId": "custom.abandon", "children": [], "objectId": 39, "segments": {"obb": {"centroid": [-131.03569992223228, 100.86107407034272, 104.24443838631942], "axesLengths": [46.31340893243252, 73.31765847297277, 43.03946141135991], "normalizedAxes": [-0.9551723770198528, 0.00017529906580010133, -0.29605016373662557, 0.000103101443418693, 0.999999961019837, 0.0002594810528490202, 0.29605019768332813, 0.00021732593483582603, -0.9551723578606646]}, "partId": 39, "fixScale": true, "segments": [553507], "fixRotate": true, "obbAligned": {"centroid": [0.7363745329415634, -1.0877071865239587, -1.1628691997110014], "axesLengths": [0.4303946141135991, 0.46313408932432526, 0.7331765847297277], "normalizedAxes": [-0.9551723578606646, 0.29605019768332813, 0.00021732593483582603, -0.29605016373662557, -0.9551723770198528, 0.00017529906580010133, 0.0002594810528490202, 0.000103101443418693, 0.999999961019837]}, "fixPosition": true, "dominantNormal": [0.29605019768332813, 0.00021732593483582603, -0.9551723578606646]}, "hierarchy": 1, "isInGroup": false, "labelType": "category", "attributes": {"tags": ["double_surface", "regular_shape", "current_scanning"], "attributes": {"occlusion": "50%~100%", "incompleteness": "20%~50%"}}}, {"uid": "K47KnUUz9Si294ur", "label": "cabinet", "modelId": "custom.abandon", "children": [], "objectId": 39, "segments": {"obb": {"centroid": [-223.5134046169888, 123.27034783674524, -214.13435125882927], "axesLengths": [93.37607730629378, 115.92551310028912, 54.22158631355847], "normalizedAxes": [0.9659043958036894, 0, 0.25889901152207956, 0, 1, 0, -0.25889901152207956, 0, 0.9659043958036894]}, "partId": 39, "fixScale": true, "segments": [1133549], "fixRotate": true, "obbAligned": {"centroid": [-2.4474133635099236, -2.0124842334715236, -0.9387764620469763], "axesLengths": [0.5422158631355847, 0.9337607730629378, 1.1592551310028913], "normalizedAxes": [0.9659043958036894, -0.25889901152207956, 0, 0.25889901152207956, 0.9659043958036894, 0, 0, 0, 1]}, "fixPosition": true, "dominantNormal": [-0.25889901152207956, 0, 0.9659043958036894]}, "hierarchy": 1, "isInGroup": false, "labelType": "category", "attributes": {"tags": ["double_surface", "regular_shape", "current_scanning"], "attributes": {"occlusion": "20%~50%", "incompleteness": "0~20%"}}}, {"uid": "fANIDEZr8BKFvs5M", "label": "shelf", "modelId": "custom.abandon", "children": [], "objectId": 39, "segments": {"obb": {"centroid": [-334.5204162922362, 172.3356986950174, 27.694253149533495], "axesLengths": [84.11945114074456, 211.9917803212294, 30.42362596032273], "normalizedAxes": [0.2557073632924902, 0, -0.9667542316214616, 0, 1, 0, 0.9667542316214616, 0, 0.2557073632924902]}, "partId": 39, "fixScale": true, "segments": [473437, 457505], "fixRotate": true, "obbAligned": {"centroid": [-0.029127319426295928, -3.1225543502239974, -0.44812295346425457], "axesLengths": [0.3042362596032273, 0.8411945114074456, 2.119917803212294], "normalizedAxes": [0.2557073632924902, 0.9667542316214616, 0, -0.9667542316214616, 0.2557073632924902, 0, 0, 0, 1]}, "fixPosition": true, "dominantNormal": [0.9667542316214616, 0, 0.2557073632924902]}, "hierarchy": 1, "isInGroup": false, "labelType": "category", "attributes": {"tags": ["double_surface", "regular_shape", "current_scanning"], "attributes": {"occlusion": "50%~100%", "incompleteness": "0~20%"}}}, {"uid": "V90PPiXLKqdyEQ6l", "label": "fireplace", "modelId": "custom.abandon", "children": [], "objectId": 39, "segments": {"obb": {"centroid": [-410.6147381312491, 117.96681013181568, 251.95578682154658], "axesLengths": [177.51755141445972, 108.36237020344024, 23.1723864749159], "normalizedAxes": [0.2957507001068099, 0, -0.955265158679166, 0, 1, 0, 0.955265158679166, 0, 0.2957507001068099]}, "partId": 39, "fixScale": true, "segments": [916242], "fixRotate": true, "obbAligned": {"centroid": [2.213488017293835, -3.8834975686141266, -0.991811839096272], "axesLengths": [0.23172386474915901, 1.7751755141445973, 1.0836237020344024], "normalizedAxes": [0.2957507001068099, 0.955265158679166, 0, -0.955265158679166, 0.2957507001068099, 0, 0, 0, 1]}, "fixPosition": true, "dominantNormal": [0.955265158679166, 0, 0.2957507001068099]}, "hierarchy": 1, "isInGroup": false, "labelType": "category", "attributes": {"tags": ["double_surface", "regular_shape"], "attributes": {"occlusion": "0~20%", "incompleteness": "20%~50%"}}}, {"uid": "W3p78LedCjOWNEOz", "label": "cabinet", "modelId": "custom.abandon", "children": [], "objectId": 39, "segments": {"obb": {"centroid": [-358.8624914354984, 109.2695683699264, 123.31723698946524], "axesLengths": [71.7567747285423, 91.17992508851243, 45.95674043142949], "normalizedAxes": [0.29575070010681015, 0, -0.9552651586791657, 0, 1, 0, 0.9552651586791657, 0, 0.29575070010681015]}, "partId": 39, "fixScale": true, "segments": [903298], "fixRotate": true, "obbAligned": {"centroid": [0.9271025189730215, -3.3659751016566197, -1.0787842567151646], "axesLengths": [0.4595674043142949, 0.7175677472854229, 0.9117992508851244], "normalizedAxes": [0.29575070010681015, 0.9552651586791657, 0, -0.9552651586791657, 0.29575070010681015, 0, 0, 0, 1]}, "fixPosition": true, "dominantNormal": [0.9552651586791657, 0, 0.29575070010681015]}, "hierarchy": 1, "isInGroup": false, "labelType": "category", "attributes": {"tags": ["double_surface", "regular_shape"], "attributes": {"occlusion": "20%~50%", "incompleteness": "50%~100%"}}}, {"uid": "XE97r1vPApZLQGWK", "label": "table", "modelId": "custom.abandon", "children": [], "objectId": 39, "segments": {"obb": {"centroid": [-292.43633404903466, 72.23448127397046, -142.20119571012364], "axesLengths": [31.54082193947459, 15.491028906996535, 30.984938159641608], "normalizedAxes": [0.969155609703356, 0, 0.24644959764730043, 0, 1, 0, -0.24644959764730043, 0, 0.969155609703356]}, "partId": 39, "fixScale": true, "segments": [907619], "fixRotate": true, "obbAligned": {"centroid": [-1.7280818080228673, -2.7017135277919824, -1.4491351276747242], "axesLengths": [0.30984938159641606, 0.3154082193947459, 0.15491028906996535], "normalizedAxes": [0.969155609703356, -0.24644959764730043, 0, 0.24644959764730043, 0.969155609703356, 0, 0, 0, 1]}, "fixPosition": true, "dominantNormal": [0, 1, 0]}, "hierarchy": 1, "isInGroup": false, "labelType": "category", "attributes": {"tags": ["current_scanning"], "attributes": {"occlusion": "50%~100%", "orientation": "1", "incompleteness": "50%~100%"}}}], "stats": {"labelCount": 38, "totalSegments": 25298, "totalVertices": 1328541, "percentComplete": 3.264709180973715, "annotatedSegments": 42, "annotatedVertices": 43373, "unannotatedSegments": 25256, "unannotatedVertices": 1285168}, "confirm": false, "skipped": false, "attributes": {"tags": [], "attributes": {}}, "mesh_quality": [], "relabel_reason": "", "skipped_reason": "", "label_version": "LO_v1.5.2"}